# Oritone scientific colormap: Oritone Fusion
# MIT licensed. Color direction references the Okabe & Ito color-blind-friendly palette.
# index R G B hex
000  31  29  43 #1f1d2b
001  32  30  44 #201e2c
002  33  30  44 #211e2c
003  34  31  45 #221f2d
004  35  31  46 #231f2e
005  36  31  46 #241f2e
006  37  32  47 #25202f
007  38  32  48 #262030
008  39  33  49 #272131
009  40  33  49 #282131
010  41  34  50 #292232
011  42  34  51 #2a2233
012  43  35  52 #2b2334
013  45  35  53 #2d2335
014  46  36  53 #2e2435
015  47  36  54 #2f2436
016  48  37  55 #302537
017  49  37  56 #312538
018  50  38  56 #322638
019  51  38  57 #332639
020  52  39  58 #34273a
021  53  39  59 #35273b
022  54  40  59 #36283b
023  55  40  60 #37283c
024  56  41  61 #38293d
025  57  41  62 #39293e
026  58  42  63 #3a2a3f
027  59  42  63 #3b2a3f
028  60  42  64 #3c2a40
029  61  43  65 #3d2b41
030  62  43  66 #3e2b42
031  63  44  66 #3f2c42
032  65  44  67 #412c43
033  66  45  68 #422d44
034  67  45  69 #432d45
035  68  46  70 #442e46
036  69  46  70 #452e46
037  70  47  71 #462f47
038  71  47  72 #472f48
039  72  48  73 #483049
040  73  48  74 #49304a
041  74  49  74 #4a314a
042  75  49  75 #4b314b
043  76  50  76 #4c324c
044  77  50  77 #4d324d
045  79  51  78 #4f334e
046  80  51  78 #50334e
047  81  52  79 #51344f
048  82  52  80 #523450
049  83  53  81 #533551
050  84  53  82 #543552
051  85  54  83 #553653
052  86  54  83 #563653
053  87  55  84 #573754
054  89  55  85 #593755
055  90  56  86 #5a3856
056  91  56  87 #5b3857
057  90  57  89 #5a3959
058  90  58  92 #5a3a5c
059  89  59  94 #593b5e
060  89  60  97 #593c61
061  88  62 100 #583e64
062  88  63 102 #583f66
063  87  64 105 #574069
064  86  65 107 #56416b
065  86  66 110 #56426e
066  85  67 113 #554371
067  84  68 115 #544473
068  83  69 118 #534576
069  83  70 121 #534679
070  82  71 123 #52477b
071  81  72 126 #51487e
072  80  72 129 #504881
073  79  73 131 #4f4983
074  79  74 134 #4f4a86
075  78  75 137 #4e4b89
076  77  76 139 #4d4c8b
077  76  77 142 #4c4d8e
078  75  78 145 #4b4e91
079  74  79 148 #4a4f94
080  73  79 150 #494f96
081  72  80 153 #485099
082  70  81 156 #46519c
083  69  82 159 #45529f
084  68  83 161 #4453a1
085  67  84 164 #4354a4
086  66  84 167 #4254a7
087  64  85 170 #4055aa
088  63  86 172 #3f56ac
089  61  87 175 #3d57af
090  60  87 178 #3c57b2
091  58  88 181 #3a58b5
092  57  89 183 #3959b7
093  55  90 186 #375aba
094  53  90 189 #355abd
095  51  91 192 #335bc0
096  49  92 195 #315cc3
097  47  93 197 #2f5dc5
098  45  93 200 #2d5dc8
099  42  94 203 #2a5ecb
100  39  95 206 #275fce
101  36  95 209 #245fd1
102  33  96 212 #2160d4
103  30  97 214 #1e61d6
104  25  97 217 #1961d9
105  21  98 220 #1562dc
106  14  98 223 #0e62df
107   6  99 226 #0663e2
108   0 100 227 #0064e3
109   0 102 227 #0066e3
110   0 103 227 #0067e3
111   0 105 226 #0069e2
112   0 106 226 #006ae2
113   0 108 225 #006ce1
114   0 109 224 #006de0
115   0 111 224 #006fe0
116   0 112 223 #0070df
117   0 114 223 #0072df
118   0 115 222 #0073de
119   1 117 221 #0175dd
120   5 118 220 #0576dc
121   8 120 218 #0878da
122  12 121 217 #0c79d9
123  15 123 216 #0f7bd8
124  19 124 214 #137cd6
125  21 126 213 #157ed5
126  24 127 211 #187fd3
127  27 129 210 #1b81d2
128  29 130 209 #1d82d1
129  32 131 207 #2083cf
130  34 133 206 #2285ce
131  36 134 204 #2486cc
132  39 135 203 #2787cb
133  41 137 201 #2989c9
134  43 138 200 #2b8ac8
135  45 139 198 #2d8bc6
136  47 140 197 #2f8cc5
137  49 142 195 #318ec3
138  51 143 194 #338fc2
139  53 144 192 #3590c0
140  55 145 191 #3791bf
141  57 147 189 #3993bd
142  59 148 188 #3b94bc
143  61 149 186 #3d95ba
144  63 150 185 #3f96b9
145  65 151 183 #4197b7
146  67 152 181 #4398b5
147  69 154 180 #459ab4
148  71 155 178 #479bb2
149  73 156 177 #499cb1
150  75 157 175 #4b9daf
151  77 158 173 #4d9ead
152  79 159 172 #4f9fac
153  80 160 170 #50a0aa
154  82 161 168 #52a1a8
155  84 162 166 #54a2a6
156  86 163 165 #56a3a5
157  88 165 163 #58a5a3
158  90 166 161 #5aa6a1
159  92 167 159 #5ca79f
160  93 168 157 #5da89d
161  95 169 156 #5fa99c
162  97 170 154 #61aa9a
163  99 171 152 #63ab98
164 103 171 149 #67ab95
165 107 172 147 #6bac93
166 112 172 145 #70ac91
167 116 173 142 #74ad8e
168 120 173 140 #78ad8c
169 124 173 137 #7cad89
170 128 174 134 #80ae86
171 132 174 132 #84ae84
172 136 175 129 #88af81
173 140 175 126 #8caf7e
174 144 175 123 #90af7b
175 147 176 120 #93b078
176 151 176 117 #97b075
177 155 176 114 #9bb072
178 158 176 111 #9eb06f
179 162 177 108 #a2b16c
180 165 177 105 #a5b169
181 169 177 101 #a9b165
182 172 177  98 #acb162
183 176 178  94 #b0b25e
184 179 178  90 #b3b25a
185 182 178  86 #b6b256
186 186 178  82 #bab252
187 189 178  77 #bdb24d
188 192 178  72 #c0b248
189 196 178  67 #c4b243
190 199 179  61 #c7b33d
191 202 179  55 #cab337
192 205 179  48 #cdb330
193 208 179  39 #d0b327
194 212 179  28 #d4b31c
195 215 179   9 #d7b309
196 217 179   0 #d9b300
197 220 179   0 #dcb300
198 222 180   0 #deb400
199 224 180   0 #e0b400
200 226 180   0 #e2b400
201 228 181   0 #e4b500
202 230 181   0 #e6b500
203 232 181   0 #e8b500
204 234 182   0 #eab600
205 235 182   0 #ebb600
206 237 183   0 #edb700
207 239 183   0 #efb700
208 241 184   0 #f1b800
209 242 184   0 #f2b800
210 244 184   0 #f4b800
211 246 185   0 #f6b900
212 248 186   0 #f8ba00
213 249 186   0 #f9ba00
214 251 187   0 #fbbb00
215 252 187   0 #fcbb00
216 253 188   0 #fdbc00
217 254 189   0 #febd00
218 254 190   0 #febe00
219 255 191  10 #ffbf0a
220 255 193  26 #ffc11a
221 255 194  36 #ffc224
222 255 195  44 #ffc32c
223 255 196  51 #ffc433
224 255 198  57 #ffc639
225 255 199  63 #ffc73f
226 255 200  68 #ffc844
227 255 202  73 #ffca49
228 255 203  77 #ffcb4d
229 255 204  82 #ffcc52
230 255 205  86 #ffcd56
231 255 206  90 #ffce5a
232 255 208  94 #ffd05e
233 255 209  98 #ffd162
234 255 210 102 #ffd266
235 255 211 105 #ffd369
236 255 212 109 #ffd46d
237 255 214 112 #ffd670
238 255 215 116 #ffd774
239 255 216 119 #ffd877
240 255 217 122 #ffd97a
241 255 218 126 #ffda7e
242 255 220 129 #ffdc81
243 255 221 132 #ffdd84
244 255 222 135 #ffde87
245 255 223 138 #ffdf8a
246 255 224 141 #ffe08d
247 255 225 144 #ffe190
248 255 227 148 #ffe394
249 255 228 151 #ffe497
250 255 229 154 #ffe59a
251 255 230 157 #ffe69d
252 255 231 160 #ffe7a0
253 255 232 163 #ffe8a3
254 255 233 166 #ffe9a6
255 255 235 169 #ffeba9
