# Oritone scientific colormap: Oritone Balance
# MIT licensed. Color direction references the Okabe & Ito color-blind-friendly palette.
# index R G B hex
000  44  85 108 #2c556c
001  44  86 110 #2c566e
002  44  87 111 #2c576f
003  44  88 113 #2c5871
004  44  90 114 #2c5a72
005  44  91 116 #2c5b74
006  44  92 117 #2c5c75
007  44  93 119 #2c5d77
008  44  94 120 #2c5e78
009  44  95 122 #2c5f7a
010  44  97 124 #2c617c
011  44  98 125 #2c627d
012  44  99 127 #2c637f
013  44 100 128 #2c6480
014  44 101 130 #2c6582
015  44 102 131 #2c6683
016  44 104 133 #2c6885
017  43 105 135 #2b6987
018  43 106 136 #2b6a88
019  43 107 138 #2b6b8a
020  43 108 139 #2b6c8b
021  43 109 141 #2b6d8d
022  43 111 143 #2b6f8f
023  43 112 144 #2b7090
024  43 113 146 #2b7192
025  42 114 148 #2a7294
026  42 115 149 #2a7395
027  42 117 151 #2a7597
028  42 118 152 #2a7698
029  42 119 154 #2a779a
030  42 120 156 #2a789c
031  41 122 157 #297a9d
032  41 123 159 #297b9f
033  41 124 161 #297ca1
034  41 125 162 #297da2
035  40 126 164 #287ea4
036  40 128 166 #2880a6
037  40 129 167 #2881a7
038  39 130 169 #2782a9
039  39 131 171 #2783ab
040  39 133 172 #2785ac
041  38 134 174 #2686ae
042  38 135 176 #2687b0
043  37 136 178 #2588b2
044  37 138 179 #258ab3
045  37 139 181 #258bb5
046  36 140 183 #248cb7
047  38 141 184 #268db8
048  39 143 185 #278fb9
049  41 144 187 #2990bb
050  42 145 188 #2a91bc
051  44 146 189 #2c92bd
052  45 147 190 #2d93be
053  47 149 192 #2f95c0
054  48 150 193 #3096c1
055  50 151 194 #3297c2
056  51 152 196 #3398c4
057  53 153 197 #3599c5
058  54 155 198 #369bc6
059  55 156 200 #379cc8
060  57 157 201 #399dc9
061  58 158 202 #3a9eca
062  59 160 204 #3ba0cc
063  61 161 205 #3da1cd
064  62 162 206 #3ea2ce
065  64 163 208 #40a3d0
066  65 164 209 #41a4d1
067  66 166 210 #42a6d2
068  68 167 212 #44a7d4
069  69 168 213 #45a8d5
070  70 169 214 #46a9d6
071  72 171 216 #48abd8
072  73 172 217 #49acd9
073  74 173 218 #4aadda
074  76 174 220 #4caedc
075  77 176 221 #4db0dd
076  78 177 222 #4eb1de
077  79 178 224 #4fb2e0
078  81 180 225 #51b4e1
079  82 181 227 #52b5e3
080  83 182 228 #53b6e4
081  85 183 229 #55b7e5
082  86 185 231 #56b9e7
083  87 186 232 #57bae8
084  89 187 233 #59bbe9
085  90 189 235 #5abdeb
086  91 190 236 #5bbeec
087  93 191 238 #5dbfee
088  94 193 239 #5ec1ef
089  95 194 241 #5fc2f1
090  97 195 242 #61c3f2
091  98 196 243 #62c4f3
092  99 198 245 #63c6f5
093 104 199 244 #68c7f4
094 109 200 244 #6dc8f4
095 113 201 243 #71c9f3
096 118 202 243 #76caf3
097 123 203 242 #7bcbf2
098 127 204 241 #7fccf1
099 131 205 240 #83cdf0
100 136 206 240 #88cef0
101 140 207 239 #8ccfef
102 144 208 238 #90d0ee
103 148 209 238 #94d1ee
104 152 210 237 #98d2ed
105 156 212 236 #9cd4ec
106 160 213 236 #a0d5ec
107 164 214 235 #a4d6eb
108 168 215 234 #a8d7ea
109 172 216 233 #acd8e9
110 176 217 233 #b0d9e9
111 180 218 232 #b4dae8
112 184 219 231 #b8dbe7
113 187 220 231 #bbdce7
114 191 221 230 #bfdde6
115 195 222 229 #c3dee5
116 199 223 228 #c7dfe4
117 202 224 228 #cae0e4
118 206 225 227 #cee1e3
119 210 226 226 #d2e2e2
120 214 227 225 #d6e3e1
121 217 228 225 #d9e4e1
122 221 229 224 #dde5e0
123 225 230 223 #e1e6df
124 228 231 222 #e4e7de
125 232 232 222 #e8e8de
126 236 233 221 #ece9dd
127 240 235 220 #f0ebdc
128 244 236 220 #f4ecdc
129 243 234 219 #f3eadb
130 242 231 217 #f2e7d9
131 242 229 216 #f2e5d8
132 241 227 215 #f1e3d7
133 241 225 214 #f1e1d6
134 240 223 213 #f0dfd5
135 239 221 212 #efddd4
136 239 219 211 #efdbd3
137 238 217 211 #eed9d3
138 238 215 210 #eed7d2
139 237 213 209 #edd5d1
140 237 211 208 #edd3d0
141 236 209 207 #ecd1cf
142 236 207 206 #eccfce
143 235 205 205 #ebcdcd
144 235 203 204 #ebcbcc
145 234 201 203 #eac9cb
146 234 199 203 #eac7cb
147 233 197 202 #e9c5ca
148 233 195 201 #e9c3c9
149 232 193 200 #e8c1c8
150 232 191 199 #e8bfc7
151 232 189 198 #e8bdc6
152 231 187 198 #e7bbc6
153 231 186 197 #e7bac5
154 230 184 196 #e6b8c4
155 230 182 195 #e6b6c3
156 229 180 194 #e5b4c2
157 229 178 194 #e5b2c2
158 228 176 193 #e4b0c1
159 228 174 192 #e4aec0
160 227 172 191 #e3acbf
161 227 170 190 #e3aabe
162 226 169 190 #e2a9be
163 226 167 189 #e2a7bd
164 225 165 188 #e1a5bc
165 224 164 187 #e0a4bb
166 222 162 186 #dea2ba
167 221 161 184 #dda1b8
168 220 160 183 #dca0b7
169 219 158 182 #db9eb6
170 217 157 181 #d99db5
171 216 155 180 #d89bb4
172 215 154 179 #d79ab3
173 214 153 178 #d699b2
174 213 151 177 #d597b1
175 211 150 175 #d396af
176 210 149 174 #d295ae
177 209 147 173 #d193ad
178 208 146 172 #d092ac
179 206 145 171 #ce91ab
180 205 144 170 #cd90aa
181 204 142 169 #cc8ea9
182 203 141 168 #cb8da8
183 202 140 167 #ca8ca7
184 200 138 165 #c88aa5
185 199 137 164 #c789a4
186 198 136 163 #c688a3
187 197 134 162 #c586a2
188 196 133 161 #c485a1
189 195 132 160 #c384a0
190 193 131 159 #c1839f
191 192 129 158 #c0819e
192 191 128 157 #bf809d
193 190 127 156 #be7f9c
194 189 126 155 #bd7e9b
195 187 124 154 #bb7c9a
196 186 123 153 #ba7b99
197 185 122 152 #b97a98
198 184 121 151 #b87997
199 183 119 149 #b77795
200 182 118 148 #b67694
201 181 117 147 #b57593
202 179 116 146 #b37492
203 178 114 145 #b27291
204 177 113 144 #b17190
205 176 112 143 #b0708f
206 175 111 142 #af6f8e
207 174 109 141 #ae6d8d
208 172 108 140 #ac6c8c
209 171 107 139 #ab6b8b
210 170 106 138 #aa6a8a
211 169 105 137 #a96989
212 167 104 136 #a76888
213 166 103 135 #a66787
214 164 102 134 #a46686
215 162 101 134 #a26586
216 161 100 133 #a16485
217 159  99 132 #9f6384
218 158  98 131 #9e6283
219 156  97 130 #9c6182
220 155  96 129 #9b6081
221 153  95 128 #995f80
222 152  95 127 #985f7f
223 150  94 126 #965e7e
224 149  93 126 #955d7e
225 147  92 125 #935c7d
226 146  91 124 #925b7c
227 144  90 123 #905a7b
228 143  89 122 #8f597a
229 141  88 121 #8d5879
230 140  87 120 #8c5778
231 138  86 119 #8a5677
232 137  85 119 #895577
233 135  84 118 #875476
234 134  84 117 #865475
235 133  83 116 #855374
236 131  82 115 #835273
237 130  81 114 #825172
238 128  80 113 #805071
239 127  79 113 #7f4f71
240 125  78 112 #7d4e70
241 124  77 111 #7c4d6f
242 122  76 110 #7a4c6e
243 121  76 109 #794c6d
244 120  75 108 #784b6c
245 118  74 107 #764a6b
246 117  73 107 #75496b
247 115  72 106 #73486a
248 114  71 105 #724769
249 112  70 104 #704668
250 111  70 103 #6f4667
251 110  69 102 #6e4566
252 108  68 102 #6c4466
253 107  67 101 #6b4365
254 105  66 100 #694264
255 104  65  99 #684163
256 103  64  98 #674062
